0.002541187024229
0.002411957077840
0.002346468861507
0.002302243128568
0.002268656233098
0.002241457183408
0.002218519717171
0.002198628389461
0.002181023273579
0.002165197569350
0.002150796389020
0.002137561539592
0.002125299306730
0.002113860625879
0.002103128332843
0.002093008662634
0.002083425403876
0.002074315771762
0.002065627426875
0.002057316278132
0.002049344834698
0.002041680950076
0.002034296851453
0.002027168379926
0.002020274388899
0.002013596262725
0.002007117527836
0.002000823535835
0.001994701203131
0.001988738795427
0.001982925748090
0.001977252515471
0.001971710443746
0.001966291663001
0.001960988995170
0.001955795875118
0.001950706282663
0.001945714683779
0.001940815979524
0.001936005461511
0.001931278772935
0.001926631874347
0.001922061013498
0.001917562698685
0.001913133675122
0.001908770903931
0.001904471543412
0.001900232932309
0.001896052574808
0.001891928127072
0.001887857385111
0.001883838273847
0.001879868837226
0.001875947229260
0.001872071705898
0.001868240617635
0.001864452402780
0.001860705581314
0.001856998749270
0.001853330573601
0.001849699787462
0.001846105185887
0.001842545621809
0.001839020002394
0.001835527285669
0.001832066477400
0.001828636628208
0.001825236830904
0.001821866218015
0.001818523959489
0.001815209260569
0.001811921359808
0.001808659527229
0.001805423062605
0.001802211293861
0.001799023575573
0.001795859287579
0.001792717833664
0.001789598640345
0.001786501155718
0.001783424848391
0.001780369206468
0.001777333736610
0.001774317963137
0.001771321427198
0.001768343685980
0.001765384311962
0.001762442892222
0.001759519027773
0.001756612332938
0.001753722434766
0.001750848972471
0.001747991596911
0.001745149970082
0.001742323764654
0.001739512663521
0.001736716359377
0.001733934554314
0.001731166959440
0.001728413294520
0.001725673287626
0.001722946674816
0.001720233199818
0.001717532613736
0.001714844674767
0.001712169147934
0.001709505804827
0.001706854423361
0.001704214787545
0.001701586687255
0.001698969918025
0.001696364280844
0.001693769581963
0.001691185632709
0.001688612249308
0.001686049252714
0.001683496468452
0.001680953726458
0.001678420860931
0.001675897710193
0.001673384116552
0.001670879926168
0.001668384988931
0.001665899158341
0.001663422291388
0.001660954248444
0.001658494893158
0.001656044092351
0.001653601715918
0.001651167636732
0.001648741730557
0.001646323875958
0.001643913954214
0.001641511849244
0.001639117447519
0.001636730637998
0.001634351312046
0.001631979363369
0.001629614687947
0.001627257183965
0.001624906751756
0.001622563293737
0.001620226714351
0.001617896920011
0.001615573819047
0.001613257321652
0.001610947339832
0.001608643787357
0.001606346579713
0.001604055634059
0.001601770869178
0.001599492205440
0.001597219564754
0.001594952870535
0.001592692047660
0.001590437022434
0.001588187722551
0.001585944077060
0.001583706016333
0.001581473472028
0.001579246377061
0.001577024665571
0.001574808272894
0.001572597135533
0.001570391191126
0.001568190378425
0.001565994637264
0.001563803908537
0.001561618134170
0.001559437257098
0.001557261221244
0.001555089971491
0.001552923453664
0.001550761614508
0.001548604401664
0.001546451763652
0.001544303649850
0.001542160010475
0.001540020796565
0.001537885959957
0.001535755453275
0.001533629229910
0.001531507244003
0.001529389450428
0.001527275804780
0.001525166263355
0.001523060783138
0.001520959321786
0.001518861837618
0.001516768289597
0.001514678637317
0.001512592840992
0.001510510861443
0.001508432660083
0.001506358198907
0.001504287440482
0.001502220347929
0.001500156884921
0.001498097015662
0.001496040704886
0.001493987917840
0.001491938620274
0.001489892778438
0.001487850359062
0.001485811329355
0.001483775656992
0.001481743310105
0.001479714257277
0.001477688467530
0.001475665910317
0.001473646555518
0.001471630373427
0.001469617334745
0.001467607410577
0.001465600572419
0.001463596792154
0.001461596042043
0.001459598294719
0.001457603523181
0.001455611700788
0.001453622801247
0.001451636798616
0.001449653667289
0.001447673381996
0.001445695917793
0.001443721250060
0.001441749354492
0.001439780207094
0.001437813784180
0.001435850062361
0.001433889018544
0.001431930629927
0.001429974873990
0.001428021728498
0.001426071171488
0.001424123181268
0.001422177736414
0.001420234815763
0.001418294398409
0.001416356463699
0.001414420991231
0.001412487960846
0.001410557352627
0.001408629146894
0.001406703324199
0.001404779865326
0.001402858751281
0.001400939963296
0.001399023482819
0.001397109291515
0.001395197371258
0.001393287704134
0.001391380272431
0.001389475058640
0.001387572045452
0.001385671215751
0.001383772552615
0.001381876039314
0.001379981659300
0.001378089396213
0.001376199233872
0.001374311156275
0.001372425147596
0.001370541192181
0.001368659274548
0.001366779379381
0.001364901491531
0.001363025596011
0.001361151677994
0.001359279722814
0.001357409715957
0.001355541643065
0.001353675489932
0.001351811242498
0.001349948886852
0.001348088409229
0.001346229796005
0.001344373033697
0.001342518108961
0.001340665008591
0.001338813719513
0.001336964228788
0.001335116523609
0.001333270591295
0.001331426419296
0.001329583995186
0.001327743306661
0.001325904341543
0.001324067087773
0.001322231533409
0.001320397666629
0.001318565475725
0.001316734949103
0.001314906075284
0.001313078842896
0.001311253240680
0.001309429257484
0.001307606882262
0.001305786104073
0.001303966912081
0.001302149295551
0.001300333243852
0.001298518746449
0.001296705792907
0.001294894372890
0.001293084476154
0.001291276092554
0.001289469212035
0.001287663824636
0.001285859920487
0.001284057489806
0.001282256522904
0.001280457010174
0.001278658942100
0.001276862309249
0.001275067102273
0.001273273311908
0.001271480928972
0.001269689944362
0.001267900349058
0.001266112134118
0.001264325290678
0.001262539809952
0.001260755683230
0.001258972901876
0.001257191457331
0.001255411341107
0.001253632544791
0.001251855060039
0.001250078878580
0.001248303992212
0.001246530392803
0.001244758072289
0.001242987022673
0.001241217236025
0.001239448704481
0.001237681420243
0.001235915375575
0.001234150562808
0.001232386974333
0.001230624602604
0.001228863440137
0.001227103479508
0.001225344713354
0.001223587134368
0.001221830735307
0.001220075508982
0.001218321448261
0.001216568546072
0.001214816795394
0.001213066189267
0.001211316720780
0.001209568383081
0.001207821169368
0.001206075072893
0.001204330086961
0.001202586204928
0.001200843420199
0.001199101726234
0.001197361116539
0.001195621584671
0.001193883124235
0.001192145728886
0.001190409392325
0.001188674108301
0.001186939870609
0.001185206673091
0.001183474509635
0.001181743374173
0.001180013260682
0.001178284163183
0.001176556075743
0.001174828992469
0.001173102907512
0.001171377815066
0.001169653709366
0.001167930584689
0.001166208435352
0.001164487255715
0.001162767040175
0.001161047783170
0.001159329479177
0.001157612122713
0.001155895708333
0.001154180230627
0.001152465684227
0.001150752063800
0.001149039364050
0.001147327579718
0.001145616705580
0.001143906736448
0.001142197667171
0.001140489492630
0.001138782207744
0.001137075807462
0.001135370286772
0.001133665640690
0.001131961864270
0.001130258952595
0.001128556900784
0.001126855703985
0.001125155357380
0.001123455856181
0.001121757195634
0.001120059371011
0.001118362377619
0.001116666210793
0.001114970865899
0.001113276338333
0.001111582623517
0.001109889716907
0.001108197613984
0.001106506310260
0.001104815801273
0.001103126082589
0.001101437149804
0.001099748998540
0.001098061624445
0.001096375023194
0.001094689190491
0.001093004122064
0.001091319813666
0.001089636261079
0.001087953460109
0.001086271406585
0.001084590096365
0.001082909525328
0.001081229689381
0.001079550584452
0.001077872206496
0.001076194551489
0.001074517615433
0.001072841394352
0.001071165884293
0.001069491081327
0.001067816981546
0.001066143581065
0.001064470876023
0.001062798862579
0.001061127536914
0.001059456895231
0.001057786933754
0.001056117648729
0.001054449036423
0.001052781093122
0.001051113815134
0.001049447198788
0.001047781240431
0.001046115936432
0.001044451283179
0.001042787277079
0.001041123914559
0.001039461192066
0.001037799106064
0.001036137653039
0.001034476829492
0.001032816631945
0.001031157056936
0.001029498101025
0.001027839760787
0.001026182032814
0.001024524913718
0.001022868400127
0.001021212488688
0.001019557176062
0.001017902458931
0.001016248333989
0.001014594797951
0.001012941847546
0.001011289479521
0.001009637690637
0.001007986477672
0.001006335837421
0.001004685766694
0.001003036262315
0.001001387321125
0.000999738939980
0.000998091115751
0.000996443845325
0.000994797125601
0.000993150953496
0.000991505325939
0.000989860239875
0.000988215692262
0.000986571680073
0.000984928200296
0.000983285249930
0.000981642825989
0.000980000925503
0.000978359545511
0.000976718683069
0.000975078335245
0.000973438499120
0.000971799171787
0.000970160350353
0.000968522031937
0.000966884213672
0.000965246892702
0.000963610066183
0.000961973731284
0.000961973731284
0.000960338375941
0.000958703508564
0.000957069126375
0.000955435226610
0.000953801806516
0.000952168863353
0.000950536394388
0.000948904396904
0.000947272868194
0.000945641805560
0.000944011206317
0.000942381067792
0.000940751387319
0.000939122162246
0.000937493389930
0.000935865067740
0.000934237193053
0.000932609763258
0.000930982775754
0.000929356227950
0.000927730117264
0.000926104441125
0.000924479196971
0.000922854382250
0.000921229994420
0.000919606030947
0.000917982489309
0.000916359366991
0.000914736661487
0.000913114370302
0.000911492490948
0.000909871020947
0.000908249957830
0.000906629299136
0.000905009042413
0.000903389185217
0.000901769725114
0.000900150659676
0.000898531986485
0.000896913703131
0.000895295807211
0.000893678296332
0.000892061168106
0.000890444420155
0.000888828050109
0.000887212055604
0.000885596434286
0.000883981183804
0.000882366301820
0.000880751785999
0.000879137634016
0.000877523843552
0.000875910412294
0.000874297337938
0.000872684618185
0.000871072250745
0.000869460233333
0.000867848563672
0.000866237239490
0.000864626258522
0.000863015618511
0.000861405317204
0.000859795352356
0.000858185721727
0.000856576423085
0.000854967454201
0.000853358812856
0.000851750496832
0.000850142503922
0.000848534831921
0.000846927478630
0.000845320441858
0.000843713719418
0.000842107309127
0.000840501208810
0.000838895416296
0.000837289929419
0.000835684746019
0.000834079863940
0.000832475281032
0.000830870995149
0.000829267004152
0.000827663305903
0.000826059898272
0.000824456779133
0.000822853946363
0.000821251397846
0.000819649131468
0.000818047145122
0.000816445436702
0.000814844004108
0.000813242845246
0.000811641958023
0.000810041340352
0.000808440990148
0.000806840905332
0.000805241083828
0.000803641523564
0.000802042222471
0.000800443178484
0.000798844389541
0.000797245853585
0.000795647568560
0.000794049532417
0.000792451743106
0.000790854198583
0.000789256896806
0.000787659835738
0.000786063013341
0.000784466427584
0.000782870076437
0.000781273957873
0.000779678069867
0.000778082410399
0.000776486977448
0.000774891768999
0.000773296783038
0.000771702017553
0.000770107470535
0.000768513139976
0.000766919023873
0.000765325120222
0.000763731427022
0.000762137942276
0.000760544663986
0.000758951590157
0.000757358718797
0.000755766047914
0.000754173575519
0.000752581299623
0.000750989218239
0.000749397329383
0.000747805631071
0.000746214121321
0.000744622798150
0.000743031659580
0.000741440703631
0.000739849928326
0.000738259331687
0.000736668911739
0.000735078666506
0.000733488594014
0.000731898692289
0.000730308959359
0.000728719393251
0.000727129991992
0.000725540753611
0.000723951676137
0.000722362757599
0.000720773996026
0.000719185389447
0.000717596935893
0.000716008633391
0.000714420479972
0.000712832473665
0.000711244612498
0.000709656894500
0.000708069317700
0.000706481880126
0.000704894579804
0.000703307414761
0.000701720383024
0.000700133482617
0.000698546711565
0.000696960067892
0.000695373549621
0.000693787154772
0.000692200881367
0.000690614727424
0.000689028690961
0.000687442769996
0.000685856962543
0.000684271266616
0.000682685680226
0.000681100201386
0.000679514828102
0.000677929558382
0.000676344390230
0.000674759321651
0.000673174350643
0.000671589475207
0.000670004693338
0.000668420003031
0.000666835402276
0.000665250889065
0.000663666461382
0.000662082117211
0.000660497854535
0.000658913671331
0.000657329565574
0.000655745535237
0.000654161578289
0.000652577692697
0.000650993876422
0.000649410127423
0.000647826443658
0.000646242823078
0.000644659263631
0.000643075763262
0.000641492319913
0.000639908931519
0.000638325596015
0.000636742311329
0.000635159075384
0.000633575886102
0.000631992741398
0.000630409639183
0.000628826577363
0.000627243553840
0.000625660566510
0.000624077613266
0.000622494691994
0.000620911800575
0.000619328936885
0.000617746098796
0.000616163284171
0.000614580490872
0.000612997716750
0.000611414959655
0.000609832217427
0.000608249487903
0.000606666768912
0.000605084058277
0.000603501353814
0.000601918653334
0.000600335954639
0.000598753255526
0.000597170553783
0.000595587847195
0.000594005133534
0.000592422410569
0.000590839676060
0.000589256927759
0.000587674163410
0.000586091380750
0.000584508577507
0.000582925751402
0.000581342900146
0.000579760021443
0.000578177112987
0.000576594172465
0.000575011197552
0.000573428185916
0.000571845135217
0.000570262043102
0.000568678907211
0.000567095725174
0.000565512494610
0.000563929213128
0.000562345878327
0.000560762487797
0.000559179039115
0.000557595529848
0.000556011957552
0.000554428319773
0.000552844614044
0.000551260837886
0.000549676988811
0.000548093064317
0.000546509061889
0.000544924979002
0.000543340813117
0.000541756561682
0.000540172222133
0.000538587791892
0.000537003268368
0.000535418648957
0.000533833931039
0.000532249111983
0.000530664189140
0.000529079159851
0.000527494021437
0.000525908771209
0.000524323406460
0.000522737924467
0.000521152322493
0.000519566597783
0.000517980747568
0.000516394769060
0.000514808659457
0.000513222415937
0.000511636035662
0.000510049515776
0.000508462853406
0.000506876045660
0.000505289089626
0.000503701982375
0.000502114720959
0.000500527302409
0.000498939723737
0.000497351981935
0.000495764073974
0.000494175996804
0.000492587747354
0.000490999322532
0.000489410719224
0.000487821934293
0.000486232964579
0.000484643806901
0.000483054458052
0.000481464914803
0.000479875173900
0.000478285232065
0.000476695085993
0.000475104732355
0.000473514167798
0.000471923388938
0.000470332392367
0.000468741174651
0.000467149732325
0.000465558061898
0.000463966159848
0.000462374022627
0.000460781646655
0.000459189028321
0.000457596163985
0.000456003049974
0.000454409682584
0.000452816058079
0.000451222172688
0.000449628022607
0.000448033603999
0.000446438912991
0.000444843945673
0.000443248698101
0.000441653166294
0.000440057346230
0.000438461233854
0.000436864825066
0.000435268115732
0.000433671101674
0.000432073778672
0.000430476142468
0.000428878188756
0.000427279913191
0.000425681311379
0.000424082378885
0.000422483111225
0.000420883503867
0.000419283552233
0.000417683251696
0.000416082597577
0.000414481585148
0.000412880209627
0.000411278466180
0.000409676349919
0.000408073855901
0.000406470979124
0.000404867714531
0.000403264057006
0.000401660001372
0.000400055542391
0.000398450674763
0.000396845393123
0.000395239692041
0.000393633566023
0.000392027009501
0.000390420016844
0.000388812582346
0.000387204700228
0.000385596364639
0.000383987569651
0.000382378309258
0.000380768577375
0.000379158367835
0.000377547674390
0.000375936490704
0.000374324810357
0.000372712626838
0.000371099933545
0.000369486723785
0.000367872990768
0.000366258727604
0.000364643927307
0.000363028582786
0.000361412686846
0.000359796232183
0.000358179211385
0.000356561616923
0.000354943441156
0.000353324676323
0.000351705314538
0.000350085347795
0.000348464767956
0.000346843566751
0.000345221735777
0.000343599266491
0.000341976150206
0.000340352378090
0.000338727941161
0.000337102830280
0.000335477036150
0.000333850549312
0.000332223360136
0.000330595458821
0.000328966835387
0.000327337479671
0.000325707381321
0.000324076529791
0.000322444914336
0.000320812524002
0.000319179347625
0.000317545373821
0.000315910590980
0.000314274987259
0.000312638550574
0.000311001268593
0.000309363128728
0.000307724118126
0.000306084223660
0.000304443431921
0.000302801729205
0.000301159101510
0.000299515534516
0.000297871013583
0.000296225523732
0.000294579049640
0.000292931575620
0.000291283085614
0.000289633563176
0.000287982991456
0.000286331353188
0.000284678630673
0.000283024805761
0.000281369859831
0.000279713773777
0.000278056527985
0.000276398102313
0.000274738476067
0.000273077627982
0.000271415536191
0.000269752178205
0.000268087530880
0.000266421570394
0.000264754272208
0.000263085611039
0.000261415560823
0.000259744094677
0.000258071184861
0.000256396802731
0.000254720918702
0.000253043502191
0.000251364521571
0.000249683944114
0.000248001735930
0.000246317861909
0.000244632285646
0.000242944969372
0.000241255873873
0.000239564958407
0.000237872180609
0.000236177496394
0.000234480859847
0.000232782223109
0.000231081536245
0.000229378747110
0.000227673801196
0.000225966641466
0.000224257208174
0.000222545438667
0.000220831267165
0.000219114624519
0.000217395437948
0.000215673630742
0.000213949121930
0.000212221825924
0.000210491652101
0.000208758504348
0.000207022280548
0.000205282871997
0.000203540162743
0.000201794028837
0.000200044337474
0.000198290946005
0.000196533700807
0.000194772435955
0.000193006971690
0.000191237112607
0.000189462645524
0.000187683336934
0.000185898929958
0.000184109140648
0.000182313653473
0.000180512115738
0.000178704130613
0.000176889248295
0.000175066954652
0.000173236656364
0.000171397661112
0.000169549150566
0.000167690142551
0.000165819436414
0.000163935531040
0.000162036496035
0.000160119756995
0.000158181708957
0.000156216943234
0.000154216443202
0.000152162171142
